0 1 4 13
1 2 5 14
1 7 12 33
1 8 24 26
1 10 37 38
0 2 24 17
2 3 6 15
2 19 26 4
2 22 12 32
2 33 29 30
0 3 12 39
3 5 27 20
3 38 32 24
3 10 26 28
3 4 7 16
0 5 26 34
5 6 9 18
5 30 28 12
5 33 32 36
5 24 19 13
0 6 32 11
6 27 35 1
6 16 36 26
6 4 28 21
6 12 38 17
0 27 28 31
27 9 25 2
27 13 21 32
27 24 36 23
27 26 30 39
0 9 36 37
9 35 14 3
9 17 23 28
9 12 21 8
9 32 16 34
0 35 21 29
35 25 15 5
35 39 8 36
35 26 23 22
35 28 13 11
0 25 23 7
25 14 20 6
25 34 22 21
25 32 8 10
25 36 17 31
0 14 8 19
14 15 18 27
14 11 10 23
14 28 22 33
14 21 39 37
0 15 22 38
15 20 1 9
15 31 33 8
15 36 10 4
15 23 34 29
0 20 10 30
20 18 2 35
20 37 4 22
20 21 33 24
20 8 11 7
0 18 33 16
18 1 3 25
18 29 24 10
18 23 4 12
18 22 31 19
1 11 21 31
1 16 23 39
1 17 19 34
1 22 30 36
1 28 29 32
2 31 23 37
2 13 8 34
2 39 38 11
2 10 16 21
2 36 7 28
3 37 8 29
3 17 22 11
3 34 30 31
3 33 13 23
3 21 19 36
5 29 22 7
5 39 10 31
5 11 16 37
5 4 17 8
5 23 38 21
6 7 10 19
6 34 33 37
6 31 13 29
6 24 39 22
6 8 30 23
27 19 33 38
27 11 4 29
27 37 17 7
27 12 34 10
27 22 16 8
9 38 4 30
9 31 24 7
9 29 39 19
9 26 11 33
9 10 13 22
35 30 24 16
35 37 12 19
35 7 34 38
35 32 31 4
35 33 17 10
25 16 12 13
25 29 26 38
25 19 11 30
25 28 37 24
25 4 39 33
14 13 26 17
14 7 32 30
14 38 31 16
14 36 29 12
14 24 34 4
15 17 32 39
15 19 28 16
15 30 37 13
15 21 7 26
15 12 11 24
20 39 28 34
20 38 36 13
20 16 29 17
20 23 19 32
20 26 31 12
18 34 36 11
18 30 21 17
18 13 7 39
18 8 38 28
18 32 37 26
