0 1 25 41 72
1 2 26 42 73
2 3 27 43 74
3 4 28 44 75
4 5 29 45 76
5 6 30 46 77
6 7 31 47 78
7 8 32 48 79
8 9 33 49 80
9 10 34 50 81
10 11 35 51 82
11 12 36 52 83
12 13 37 53 84
13 14 38 54 0
14 15 39 55 1
15 16 40 56 2
16 17 41 57 3
17 18 42 58 4
18 19 43 59 5
19 20 44 60 6
20 21 45 61 7
21 22 46 62 8
22 23 47 63 9
23 24 48 64 10
24 25 49 65 11
25 26 50 66 12
26 27 51 67 13
27 28 52 68 14
28 29 53 69 15
29 30 54 70 16
30 31 55 71 17
31 32 56 72 18
32 33 57 73 19
33 34 58 74 20
34 35 59 75 21
35 36 60 76 22
36 37 61 77 23
37 38 62 78 24
38 39 63 79 25
39 40 64 80 26
40 41 65 81 27
41 42 66 82 28
42 43 67 83 29
43 44 68 84 30
44 45 69 0 31
45 46 70 1 32
46 47 71 2 33
47 48 72 3 34
48 49 73 4 35
49 50 74 5 36
50 51 75 6 37
51 52 76 7 38
52 53 77 8 39
53 54 78 9 40
54 55 79 10 41
55 56 80 11 42
56 57 81 12 43
57 58 82 13 44
58 59 83 14 45
59 60 84 15 46
60 61 0 16 47
61 62 1 17 48
62 63 2 18 49
63 64 3 19 50
64 65 4 20 51
65 66 5 21 52
66 67 6 22 53
67 68 7 23 54
68 69 8 24 55
69 70 9 25 56
70 71 10 26 57
71 72 11 27 58
72 73 12 28 59
73 74 13 29 60
74 75 14 30 61
75 76 15 31 62
76 77 16 32 63
77 78 17 33 64
78 79 18 34 65
79 80 19 35 66
80 81 20 36 67
81 82 21 37 68
82 83 22 38 69
83 84 23 39 70
84 0 24 40 71
0 2 50 59 82
1 3 51 60 83
2 4 52 61 84
3 5 53 62 0
4 6 54 63 1
5 7 55 64 2
6 8 56 65 3
7 9 57 66 4
8 10 58 67 5
9 11 59 68 6
10 12 60 69 7
11 13 61 70 8
12 14 62 71 9
13 15 63 72 10
14 16 64 73 11
15 17 65 74 12
16 18 66 75 13
17 19 67 76 14
18 20 68 77 15
19 21 69 78 16
20 22 70 79 17
21 23 71 80 18
22 24 72 81 19
23 25 73 82 20
24 26 74 83 21
25 27 75 84 22
26 28 76 0 23
27 29 77 1 24
28 30 78 2 25
29 31 79 3 26
30 32 80 4 27
31 33 81 5 28
32 34 82 6 29
33 35 83 7 30
34 36 84 8 31
35 37 0 9 32
36 38 1 10 33
37 39 2 11 34
38 40 3 12 35
39 41 4 13 36
40 42 5 14 37
41 43 6 15 38
42 44 7 16 39
43 45 8 17 40
44 46 9 18 41
45 47 10 19 42
46 48 11 20 43
47 49 12 21 44
48 50 13 22 45
49 51 14 23 46
50 52 15 24 47
51 53 16 25 48
52 54 17 26 49
53 55 18 27 50
54 56 19 28 51
55 57 20 29 52
56 58 21 30 53
57 59 22 31 54
58 60 23 32 55
59 61 24 33 56
60 62 25 34 57
61 63 26 35 58
62 64 27 36 59
63 65 28 37 60
64 66 29 38 61
65 67 30 39 62
66 68 31 40 63
67 69 32 41 64
68 70 33 42 65
69 71 34 43 66
70 72 35 44 67
71 73 36 45 68
72 74 37 46 69
73 75 38 47 70
74 76 39 48 71
75 77 40 49 72
76 78 41 50 73
77 79 42 51 74
78 80 43 52 75
79 81 44 53 76
80 82 45 54 77
81 83 46 55 78
82 84 47 56 79
83 0 48 57 80
84 1 49 58 81
0 4 15 33 79
1 5 16 34 80
2 6 17 35 81
3 7 18 36 82
4 8 19 37 83
5 9 20 38 84
6 10 21 39 0
7 11 22 40 1
8 12 23 41 2
9 13 24 42 3
10 14 25 43 4
11 15 26 44 5
12 16 27 45 6
13 17 28 46 7
14 18 29 47 8
15 19 30 48 9
16 20 31 49 10
17 21 32 50 11
18 22 33 51 12
19 23 34 52 13
20 24 35 53 14
21 25 36 54 15
22 26 37 55 16
23 27 38 56 17
24 28 39 57 18
25 29 40 58 19
26 30 41 59 20
27 31 42 60 21
28 32 43 61 22
29 33 44 62 23
30 34 45 63 24
31 35 46 64 25
32 36 47 65 26
33 37 48 66 27
34 38 49 67 28
35 39 50 68 29
36 40 51 69 30
37 41 52 70 31
38 42 53 71 32
39 43 54 72 33
40 44 55 73 34
41 45 56 74 35
42 46 57 75 36
43 47 58 76 37
44 48 59 77 38
45 49 60 78 39
46 50 61 79 40
47 51 62 80 41
48 52 63 81 42
49 53 64 82 43
50 54 65 83 44
51 55 66 84 45
52 56 67 0 46
53 57 68 1 47
54 58 69 2 48
55 59 70 3 49
56 60 71 4 50
57 61 72 5 51
58 62 73 6 52
59 63 74 7 53
60 64 75 8 54
61 65 76 9 55
62 66 77 10 56
63 67 78 11 57
64 68 79 12 58
65 69 80 13 59
66 70 81 14 60
67 71 82 15 61
68 72 83 16 62
69 73 84 17 63
70 74 0 18 64
71 75 1 19 65
72 76 2 20 66
73 77 3 21 67
74 78 4 22 68
75 79 5 23 69
76 80 6 24 70
77 81 7 25 71
78 82 8 26 72
79 83 9 27 73
80 84 10 28 74
81 0 11 29 75
82 1 12 30 76
83 2 13 31 77
84 3 14 32 78
0 8 30 66 73
1 9 31 67 74
2 10 32 68 75
3 11 33 69 76
4 12 34 70 77
5 13 35 71 78
6 14 36 72 79
7 15 37 73 80
8 16 38 74 81
9 17 39 75 82
10 18 40 76 83
11 19 41 77 84
12 20 42 78 0
13 21 43 79 1
14 22 44 80 2
15 23 45 81 3
16 24 46 82 4
17 25 47 83 5
18 26 48 84 6
19 27 49 0 7
20 28 50 1 8
21 29 51 2 9
22 30 52 3 10
23 31 53 4 11
24 32 54 5 12
25 33 55 6 13
26 34 56 7 14
27 35 57 8 15
28 36 58 9 16
29 37 59 10 17
30 38 60 11 18
31 39 61 12 19
32 40 62 13 20
33 41 63 14 21
34 42 64 15 22
35 43 65 16 23
36 44 66 17 24
37 45 67 18 25
38 46 68 19 26
39 47 69 20 27
40 48 70 21 28
41 49 71 22 29
42 50 72 23 30
43 51 73 24 31
44 52 74 25 32
45 53 75 26 33
46 54 76 27 34
47 55 77 28 35
48 56 78 29 36
49 57 79 30 37
50 58 80 31 38
51 59 81 32 39
52 60 82 33 40
53 61 83 34 41
54 62 84 35 42
55 63 0 36 43
56 64 1 37 44
57 65 2 38 45
58 66 3 39 46
59 67 4 40 47
60 68 5 41 48
61 69 6 42 49
62 70 7 43 50
63 71 8 44 51
64 72 9 45 52
65 73 10 46 53
66 74 11 47 54
67 75 12 48 55
68 76 13 49 56
69 77 14 50 57
70 78 15 51 58
71 79 16 52 59
72 80 17 53 60
73 81 18 54 61
74 82 19 55 62
75 83 20 56 63
76 84 21 57 64
77 0 22 58 65
78 1 23 59 66
79 2 24 60 67
80 3 25 61 68
81 4 26 62 69
82 5 27 63 70
83 6 28 64 71
84 7 29 65 72
0 17 34 51 68
1 18 35 52 69
2 19 36 53 70
3 20 37 54 71
4 21 38 55 72
5 22 39 56 73
6 23 40 57 74
7 24 41 58 75
8 25 42 59 76
9 26 43 60 77
10 27 44 61 78
11 28 45 62 79
12 29 46 63 80
13 30 47 64 81
14 31 48 65 82
15 32 49 66 83
16 33 50 67 84
